1999-11-01	00:00:00	3.59849063293457	7.06375142841339	987.691917625	9.23979468994143	9.1425392031893	87.2212255767822	0.292947776147805
1999-11-02	00:00:00	5.20216431285858	5.75018434352875	978.0948020125	6.73059012207034	2.60527416341565	83.0550443616351	0.362678260742269
1999-11-03	00:00:00	4.64321040916442	1.35502723910808	993.2858139125	5.85213870849612	0	74.7752401538086	0.363387712939221
1999-11-04	00:00:00	3.02814015886306	3.71563135360718	999.73504275	8.3209134301758	0	90.3066683526812	0.370518370416806
1999-11-05	00:00:00	0.341648548201469	5.7964613381195	998.479022025	7.9533792089844	2.02425331472698	94.7952771130371	0.227996024582439
1999-11-06	00:00:00	-3.35317835704803	3.71563135360718	989.20634755625	6.65832352539065	25.7550055416897	92.9911306982422	0.20752956250634
1999-11-07	00:00:00	1.998519842062	-0.351889505171777	986.59156543125	6.05881313232424	3.55840117666683	94.3708806030273	0.239843539111896
1999-11-08	00:00:00	-2.8740166569519	2.08980205713272	990.14421033125	6.03000072509768	19.1807172753028	95.9709251702881	0.239843539111896
1999-11-09	00:00:00	-0.415586428570747	-1.09569111517429	993.2858139125	5.06560849853518	5.46130237227088	96.4294174108887	0.196304633472184
1999-11-10	00:00:00	3.59849063293457	4.07935966377258	985.53709845	6.09049270263674	7.19147546288743	88.0174006317139	0.256746985476131
1999-11-11	00:00:00	5.0976026410675	-0.923792765712738	991.35548793125	5.72542062255862	0	59.3611570751953	0.228745529722168
1999-11-12	00:00:00	3.05628810762405	-4.57410984291076	1002.12345386931	3.10636663779347	0	51.1340731918335	0.236656012109664
1999-11-13	00:00:00	2.9642655339241	-1.4073667478404	1008.55735008125	0.677392260742206	0	70.5080813623047	0.196304633472184
1999-11-14	00:00:00	2.91944292247772	1.35502723910808	998.479022025	2.08568981445315	0	86.1671277710709	0.209281861893544
1999-11-15	00:00:00	2.10941429334641	3.31291116340637	974.825651275	3.40152679443361	5.72600025330763	95.9076449719238	0.209396153605684
1999-11-16	00:00:00	2.00342654706955	-2.32023486658096	969.3940423125	1.90137939697268	1.71732106582517	93.349971340332	0.189862868413922
1999-11-17	00:00:00	3.05628810762405	-2.69062854402542	984.56383960625	0.101108686523455	0	74.7752401538086	0.196304633472184
1999-11-18	00:00:00	4.17222977054596	-2.69062854402542	986.7983561875	-0.839191105957015	0	57.879776133728	0.160046026497668
1999-11-19	00:00:00	0.979050530357364	0.224871991457939	991.30444120625	-0.409258012695292	0	74.7752401538086	0.154292065195848
1999-11-20	00:00:00	-0.354842144169806	2.5488617178154	971.93450155	2.64035832031252	13.4949866942614	95.9076449719238	0.189862868413922
1999-11-21	00:00:00	1.37584352945804	-1.91295232647896	971.0244476875	0.101108686523455	7.01491612353175	92.8689112353515	0.177972560563541
1999-11-22	00:00:00	3.69700017578124	-4.2977645648728	996.80211616875	-1.28827798339842	0	84.5830866693115	0.147087135202323
1999-11-23	00:00:00	2.05151893983841	-3.18133670370102	1002.74408623125	-2.7745993432617	0	86.3375746954346	0.125354328515081
1999-11-24	00:00:00	1.66777753296852	-7.03178605247497	1004.18093731875	-4.11771963867185	0	86.1996394519043	0.107489374705966
1999-11-25	00:00:00	0.762331698990313	-6.38661459445953	1011.1132264375	-7.30103313720702	0	78.8302953497314	0.0670024488652392
1999-11-26	00:00:00	0.202908356602194	-2.02230435944557	1012.32378269375	-7.30103313720702	0	61.9105925302124	0.0566711548903022
1999-11-27	00:00:00	0.759719089398386	-0.376957615154981	1012.32378269375	-6.23287849121092	0	51.1340731918335	0.0566711548903022
1999-11-28	00:00:00	0.341648548201469	-0.745937369408606	1012.292052575	-4.55271547851561	0	54.2542931275826	0.0818049268182005
1999-11-29	00:00:00	-1.2763395167303	-1.80524138201713	1004.74813615	-5.02033412597655	0	78.8302953497314	0.069890924976973
1999-11-30	00:00:00	0.464916756244896	-2.55856626831055	1008.307038375	-5.70120094238279	0	81.4394299969482	0.0690579070116872
1999-12-01	00:00:00	1.37584352945804	1.94552145750046	1014.64849548125	-4.57473368785399	0	66.6694007519531	0.105358533826772
1999-12-02	00:00:00	3.69700017578124	3.09518511278152	1012.292052575	1.90137939697268	0	92.3456918579102	0.129749621739801
1999-12-03	00:00:00	4.03839973405838	3.69351682804107	1005.33739015625	3.25870288818361	0	92.9911306982422	0.14166498125036
1999-12-04	00:00:00	5.0976026410675	3.21730399978638	996.74303705625	5.70479311035159	0	90.8407977563477	0.14949031226093
1999-12-05	00:00:00	4.18472822776794	2.08980205713272	997.2233482375	3.40152679443361	0	93.4023980096435	0.13866638457626
1999-12-06	00:00:00	4.28496072542154	2.88690308830261	995.45116515625	3.8878241723633	0	92.5073804577637	0.138657951473725
1999-12-07	00:00:00	3.98028692281723	0.358955031622497	993.16890274375	1.12944368896486	0	78.5451050384726	0.123932016587498
1999-12-08	00:00:00	2.05151893983841	-3.09221632658005	1005.7002727357	-1.04974343994139	0	56.4130636349487	0.101931727316954
1999-12-09	00:00:00	1.53025087563514	4.07935966377258	1015.161600075	0.101108686523455	0	75.8152570019531	0.113418018961548
1999-12-10	00:00:00	3.17442105314254	2.6889429886055	1012.292052575	1.12944368896486	0	86.2864779748535	0.112493792380887
1999-12-11	00:00:00	1.01600320192337	0.924541865444183	1011.99275945625	0.214014448242204	0	78.3398910839844	0.100948332154933
1999-12-12	00:00:00	1.22752498483328	3.09518511278152	1012.80098739375	-0.0416102124023265	0	83.0917201464844	0.100948332154933
1999-12-13	00:00:00	2.00342654706955	4.97307722576141	1012.34741626821	3.40152679443361	0	94.0043233673096	0.141818190542871
1999-12-14	00:00:00	3.9292478260231	5.9891365735906	1002.24186045625	6.03000072509768	1.07491823544246	95.9454653979492	0.108485734345488
1999-12-15	00:00:00	5.66250967948913	3.69351682804107	992.0421745	5.19324041259768	0	75.8152570019531	0.124783541830276
1999-12-16	00:00:00	4.3827841446495	4.18545131080627	999.3327884875	4.21071132812502	4.65066651093866	70.5080813623047	0.140417763893021
1999-12-17	00:00:00	5.66250967948913	7.23269233886718	981.359729617865	6.62850982342842	8.77178834381326	94.0043233673096	0.109755857136288
1999-12-18	00:00:00	7.29125692337036	3.69113934854507	974.117417441388	3.25870288818361	0	56.4130636349487	0.141818190542871
1999-12-19	00:00:00	5.20216431285858	3.71563135360718	972.460154023608	2.08568981445315	0	56.4130636349487	0.0839486056567472
1999-12-20	00:00:00	1.82240308197021	2.07805639723778	977.6722997125	0.540827500000021	0	78.8302953497314	0.0993179934833961
1999-12-21	00:00:00	-0.200472217252392	-1.17558583742619	983.79808285625	0.540827500000021	5.72600025330763	87.6508446718298	0.100948332154933
1999-12-22	00:00:00	2.05151893983841	5.18533369907379	980.88435914375	3.13120325195314	5.45034537551085	92.5073804577637	0.141050301542135
1999-12-23	00:00:00	1.9930673318386	4.79008062217712	971.0244476875	3.7856606958008	19.1807172753028	97.6948332415771	0.112493792380887
1999-12-24	00:00:00	1.75250168928146	5.55635905986786	974.22466280625	2.64035832031252	1.15311765940013	93.0446302996826	0.105358533826772
1999-12-25	00:00:00	-2.42355848585163	5.55599192443847	966.96475448125	2.61708808837893	11.6616533583414	93.0446302996826	0.0818049268182005
1999-12-26	00:00:00	-1.34974323562622	3.21730399978638	962.34568469375	1.90137939697268	2.66933324699336	97.6948332415771	0.0839486056567472
1999-12-27	00:00:00	-2.269542832098	1.12398977301487	969.3940423125	0.540827500000021	2.58086387736957	93.0915309686298	0.105358533826772
1999-12-28	00:00:00	-1.42953287270546	-1.11098667222977	970.10343911875	-2.90610666503904	0	89.8658340362549	0.0848930987664293
1999-12-29	00:00:00	-2.269542832098	0.924541865444183	960.719826542341	1.13487188720705	19.1807172753028	95.148817633667	0.117322268833063
1999-12-30	00:00:00	3.69700017578124	0.924541865444183	962.34568469375	-0.839191105957015	0	92.6583704040527	0.112493792380887
1999-12-31	00:00:00	4.18410333245502	2.88690308830261	985.53709845	-0.409258012695292	0	86.0576455718994	0.143588159485897
2000-01-01	00:00:00	-0.222884400667547	8.04337578041076	984.56383960625	3.40152679443361	12.4112671455368	92.9911306982422	0.147087135202323
2000-01-02	00:00:00	1.9930673318386	5.12098043933868	981.10567718125	3.40152679443361	1.15447270985059	93.1040041149902	0.10212517094084
2000-01-03	00:00:00	0.748846226401328	3.31291116340637	995.45116515625	1.90137939697268	0	95.148817633667	0.123457892705532
2000-01-04	00:00:00	-0.183410399990084	-0.745937369408606	1005.65598435	-1.46042145019529	0	94.3708806030273	0.103189757865579
2000-01-05	00:00:00	-1.1032217785491	3.21730399978638	1002.24186045625	2.61708808837893	5.21194236225608	95.9454653979492	0.14168960603461
2000-01-06	00:00:00	0.748846226401328	4.79008062217712	996.74303705625	3.13120325195314	4.44302514489087	96.4276162019535	0.0993179934833961
2000-01-07	00:00:00	0.224086638045312	6.07310863269806	994.87769130625	3.09959976562502	4.68330078806261	92.1934301605225	0.101789775546371
2000-01-08	00:00:00	1.53025087563514	4.79008062217712	985.9370475875	2.08568981445315	3.55840117666683	94.7952771130371	0.11621532752601
2000-01-09	00:00:00	2.52521817113876	5.12098043933868	969.3940423125	0.0431985131836118	5.72600025330763	93.6761615749418	0.142456949156604
2000-01-10	00:00:00	7.29125692337036	-0.215281168018915	974.22466280625	-1.82250148437498	0	77.5540810363769	0.109511521085731
2000-01-11	00:00:00	1.00367278634357	3.69351682804107	981.070283269582	0.540827500000021	8.77178834381326	86.3375746954346	0.183299246124253
2000-01-12	00:00:00	4.64321040916442	0.224871991457939	966.337759425	-0.0416102124023265	0	76.42240242297	0.143588159485897
2000-01-13	00:00:00	3.60860824126275	-7.03178605247497	983.44632826875	-1.95692992187498	0	65.882507298584	0.10605008928126
2000-01-14	00:00:00	2.06183821125984	-2.80470511375427	998.2043895875	-4.77514042236326	0	71.760972409668	0.0818049268182005
2000-01-15	00:00:00	3.61053658763886	5.08795105781555	994.924325925	0.950130952148456	0	86.1644634777832	0.196304633472184
2000-01-16	00:00:00	5.40951750595092	2.11806421090126	985.5910372875	2.7669053417969	0	79.1628717053223	0.217269865649397
2000-01-17	00:00:00	2.00342654706955	5.75018434352875	980.937294750985	1.16764384765627	12.1717382581215	90.8407977563477	0.20459891297834
2000-01-18	00:00:00	2.29431946605682	0.224871991457939	960.610477105438	0.663413239746115	3.8101537889689	86.1644634777832	0.141818190542871
2000-01-19	00:00:00	3.92343820716614	-6.38661459445953	971.0244476875	-1.04974343994139	0	54.3506379147339	0.126911516778178
2000-01-20	00:00:00	0.449795117096307	-7.03178605247497	994.905473464681	-2.90610666503904	0	77.5105640584627	0.127983941176815
2000-01-21	00:00:00	0.258560478147944	-4.30075478038788	1005.46083275799	-6.89248862792967	0	78.8888240637207	0.0690579070116872
2000-01-22	00:00:00	0.979050530357364	-1.3755938418293	1008.58657330095	-7.30103313720702	0	56.4130636349487	0.0542828534331633
2000-01-23	00:00:00	1.75250168928146	-0.376957615154981	1008.307038375	-4.53482950683592	0	52.3609111175537	0.108322655128717
2000-01-24	00:00:00	1.66777753296852	-2.80475674484389	1005.95012370625	-4.53482950683592	0	74.7752401538086	0.107489374705966
2000-01-25	00:00:00	0.215041078920366	-2.55856626831055	1008.307038375	-4.06440361572264	0	79.6929431536865	0.113418018961548
2000-01-26	00:00:00	0.979050530357364	-0.0587226798677447	1012.32378269375	-4.11771963867185	0	87.6274738555908	0.111771021827112
2000-01-27	00:00:00	3.4765508381462	-2.80515681659698	1004.65847149375	-4.53482950683592	0	76.0385350152588	0.109511521085731
2000-01-28	00:00:00	1.998519842062	-7.67240899387359	1004.74813615	-3.23056074218748	0	63.791736367576	0.147087135202323
2000-01-29	00:00:00	4.36892710912704	-1.7805771380718	1002.74408623125	-3.83302277587889	0	79.1628717053223	0.127983941176815
2000-01-30	00:00:00	2.78618112575531	-3.09221632658005	999.73504275	-2.52404314697264	0	81.3591502252197	0.178174204285343
2000-01-31	00:00:00	2.61086070268631	-0.547128050057891	999.3327884875	-2.52404314697264	0	78.3788634674072	0.183299246124253
