2001-02-01	00:00:00	-1.85151269952774	-4.51739115695953	1014.57334666875	-11.6992964672851	0	76.610364640503	0.145616291244038
2001-02-02	00:00:00	-1.79306485837936	-4.93519919635772	1014.54204534375	-12.2991417602539	0	74.2149200909424	0.0679675305056198
2001-02-03	00:00:00	-2.43207172951698	-2.76297037958145	1003.14690483125	-15.1075501879883	0	75.3885334698487	0.0126595098460052
2001-02-04	00:00:00	-2.45910023012161	-2.2775986193943	996.17427368125	-12.1673634838867	9.71619146704674	79.3479860441158	0.0679675305056198
2001-02-05	00:00:00	-0.231994449045661	-2.66638878656387	1000.55042895	-9.37812201301263	4.44265359036577	86.9784747906494	0.17341889963336
2001-02-06	00:00:00	0.345614992720989	0.0957306788849804	1007.83286820625	-8.31504202392576	1.02126077815593	88.4614728112793	0.209310646209766
2001-02-07	00:00:00	0.546948904628752	2.68724183692932	1004.780443175	1.61868283447268	3.94153828864773	93.8469315405273	0.190506432683756
2001-02-08	00:00:00	0.343489383360147	3.78922566522868	1002.17298246875	1.53312481445315	2.5248751935116	91.3050894262695	0.184608753885981
2001-02-09	00:00:00	3.20224488435745	3.12633266990662	1000.58579725	2.69364165283205	0	89.7373202172852	0.373619305207726
2001-02-10	00:00:00	1.23215231555939	2.68724183692932	1007.2289407375	3.32318166503908	0	95.6293968823242	0.373619305207726
2001-02-11	00:00:00	1.87218195552826	2.68724183692932	1002.24706675	3.32318166503908	0	95.6440869320026	0.225097836929209
2001-02-12	00:00:00	0.539558594993268	1.68311188891411	1000.89665625	2.71773858886721	0	96.1730065362549	0.254214667553132
2001-02-13	00:00:00	0.240138918823004	3.78198713224411	1000.41262094375	4.67323279052737	2.32640164000075	96.5935487695313	0.253526161232814
2001-02-14	00:00:00	1.18762805013656	4.47251243257522	994.77850165625	4.7264310083008	10.8558002398331	96.5935487695313	0.190506432683756
2001-02-15	00:00:00	3.38742054337866	5.28198948844909	992.6663479375	4.67323279052737	5.56792866493575	90.0481143231201	0.253526161232814
2001-02-16	00:00:00	3.52860859544754	5.28198948844909	991.29483895625	4.7264310083008	10.6313367565703	88.8878109277344	0.253526161232814
2001-02-17	00:00:00	5.84391827148437	5.28198948844909	989.23229250625	4.00774501220705	6.10730908330344	83.876863427124	0.250357213084052
2001-02-18	00:00:00	5.84391827148437	2.68184659538269	989.82047385	4.28488782714846	1.0930073655398	78.6215228227453	0.510459211290761
2001-02-19	00:00:00	0.149039625587464	-1.12612766070365	996.31202033125	-1.37882592773436	2.5248751935116	76.0450080084229	0.376632213462187
2001-02-20	00:00:00	0.824947241280077	-0.282953475663661	1010.80608935625	-3.2759762963867	0	64.5513938891602	0.388559890381933
2001-02-21	00:00:00	3.49982225486755	2.29183503917694	1008.41797065	4.00774501220705	0	78.1840755682373	0.530269513973009
2001-02-22	00:00:00	5.84391827148437	1.11998671629905	999.9690475375	4.67323279052737	0	68.0109615264893	0.580414673419773
2001-02-23	00:00:00	4.61170529251098	-1.28561555696487	1002.17298246875	1.57646153872273	0	59.4386225164795	0.511769578842672
2001-02-24	00:00:00	1.54683964439392	-1.79315278964895	1010.45334581875	-1.06142444335935	0	72.5124672253418	0.511769578842672
2001-02-25	00:00:00	1.93250842197418	0.513932392729539	1007.83286820625	-0.401561108398418	0	83.7818887963867	0.530269513973009
2001-02-26	00:00:00	3.52860859544754	0.165806341749427	996.959556575	1.53312481445315	0	79.3478946533203	0.584625107590631
2001-02-27	00:00:00	3.52860859544754	-4.19294391584396	994.77850165625	-1.78538002929685	0	44.2842171142578	0.422384843448908
2001-02-28	00:00:00	3.49982225486755	-0.712727200436592	1000.55042895	0.508557446289083	0	59.4386225164795	0.580414673419773
2001-03-01	00:00:00	4.46833466890335	-0.0851293072599179	991.57287876875	2.99091161376955	0	64.7718974004818	0.587186869926171
2001-03-02	00:00:00	5.84391827148437	1.68311188891411	980.83928694375	4.06044065917971	2.5248751935116	71.7606653326416	0.594317838893168
2001-03-03	00:00:00	5.84391827148437	-2.76297037958145	979.82120743125	1.41953684082033	0	50.9811013259888	0.671560143031106
2001-03-04	00:00:00	1.99560360214233	-0.788751439437868	993.1790699625	-2.54347604736326	0	59.4386225164795	0.534679753104513
2001-03-05	00:00:00	0.546948904628752	0.0957306788849804	1001.92161343125	-1.06142444335935	0	75.3885334698487	0.594769842746315
2001-03-06	00:00:00	1.17812220083713	1.92201992331505	1000.9572674875	3.07527804687502	0	92.9078156530762	0.594769842746315
2001-03-07	00:00:00	0.823565085694603	1.50593010286331	1000.59003590625	3.32318166503908	0	90.3100583959961	0.581987370061124
2001-03-08	00:00:00	1.23215231555939	2.29577867858887	1000.58579725	5.18412737707698	0	89.7798867871161	0.849361874279394
2001-03-09	00:00:00	1.54683964439392	4.47235065972791	998.31294793933	5.38852836181643	0	91.3050894262695	0.51180041134666
2001-03-10	00:00:00	4.6074595479573	2.63561901502609	998.6405641125	4.86456805664065	0	66.9658369256592	0.941425090217993
2001-03-11	00:00:00	4.46833466890335	2.29774871274948	999.4317672875	4.33525404785158	0	77.6312784259033	0.869870045363179
2001-03-12	00:00:00	3.20224488435745	3.9452276651001	992.623815375	4.19598032226565	4.94363482125476	90.3100583959961	0.676806360658564
2001-03-13	00:00:00	5.07702484611511	1.22304298044205	986.6830253875	4.19415946289065	0	64.7973562219238	0.987530167904442
2001-03-14	00:00:00	3.52860859544754	2.29183503917694	987.984592854291	5.38852836181643	1.02126077815593	79.3521889642334	1.10042724644402
2001-03-15	00:00:00	5.07702484611511	2.01859207229641	986.17938436875	3.66236251464846	0	57.7823395422363	0.671560143031106
2001-03-16	00:00:00	0.939660409009455	3.9452276651001	984.14366414375	3.66236251464846	9.04720290919392	75.620692321167	0.761959388293553
2001-03-17	00:00:00	4.61170529251098	3.33889429796219	977.44679498125	4.06044065917971	0	77.9280541394043	0.974746877419382
2001-03-18	00:00:00	4.46833466890335	-1.28561555696487	980.83928694375	3.07527804687502	0	61.703856104126	1.07148887375702
2001-03-19	00:00:00	-0.602084617810249	1.07307424430847	986.6830253875	1.69522955810549	9.42400608827669	88.5613579229736	0.690100817293979
2001-03-20	00:00:00	0.312678347841901	-2.94208699329662	999.4317672875	0.673912956542989	0	65.7943160986328	0.963258152357837
2001-03-21	00:00:00	-1.57293861757278	2.63561901502609	1007.90259713314	1.98705837402346	0	69.1259096081543	0.911768891040858
2001-03-22	00:00:00	0.282954896149634	5.28198948844909	997.88270163125	5.46291590745728	2.68944269253547	89.6478935211436	1.01117578686073
2001-03-23	00:00:00	3.50137401044713	2.68549179393768	998.35535483125	4.68085140334073	0	78.6565661932373	1.15572031246668
2001-03-24	00:00:00	-0.617716100486514	3.77305931016922	998.35535483125	4.04572820800783	8.60857289613017	88.5613579229736	1.01117578686073
2001-03-25	00:00:00	3.38929753101349	4.47251243257522	986.17938436875	5.22185973876955	5.62138891271647	83.3595365435791	1.11190626190099
2001-03-26	00:00:00	1.99560360214233	3.24396803216934	979.22436951875	1.89229992431643	1.09735534887691	81.643291272583	1.01117578686073
2001-03-27	00:00:00	0.546948904628752	-1.12612766070365	979.82120743125	0.508557446289083	2.5248751935116	81.3769061437989	1.01117578686073
2001-03-28	00:00:00	1.99560360214233	0.165806341749427	987.79493589375	1.89229992431643	3.21021271936549	58.4109388851929	1.07148887375702
2001-03-29	00:00:00	3.30444150260925	3.78198713224411	979.22436951875	4.33525404785158	1.40694182118633	83.1487201267715	1.09629069864023
2001-03-30	00:00:00	3.30444150260925	-0.0803868779908683	979.82120743125	3.33224253784929	0	67.4327169073486	1.07148887375702
2001-03-31	00:00:00	1.42717805052757	-3.01281719707489	993.462597644335	2.19925049071695	0	50.9811013259888	1.23874379872149
2001-04-01	00:00:00	-0.443628893861771	0.552361014976503	999.62721998125	2.01556127197268	0	60.9189823556518	1.30561025680979
2001-04-02	00:00:00	-1.79306485837936	3.12633266990662	991.25200790625	2.71526475097658	17.3793996054903	90.5086313916016	0.581987370061124
2001-04-03	00:00:00	0.312580338998437	2.26948595170021	986.6830253875	2.71773858886721	5.94970560909435	88.6906059832764	1.0255550488058
2001-04-04	00:00:00	-2.33713649837494	0.165806341749427	989.82047385	3.33865211914064	6.05205310995905	90.0481143231201	1.07049009632675
2001-04-05	00:00:00	-0.602084617810249	-2.2775986193943	991.29483895625	4.06044065917971	0	81.643291272583	1.11190626190099
2001-04-06	00:00:00	-0.40164526515722	-1.32800031873378	990.177277520857	2.71526475097658	5.82213856198213	81.9218709647229	1.06457882452204
2001-04-07	00:00:00	-1.90606341593742	-4.93519919635772	993.6629308125	1.61868283447268	4.4959055057466	72.5124672253418	0.987250077840503
2001-04-08	00:00:00	-0.371526812067605	0.465192203221319	994.77850165625	2.99091161376955	0	75.0569245640352	1.29292075619532
2001-04-09	00:00:00	-2.02442757547378	1.51931030144883	989.48764705625	4.19415946289065	2.68944269253547	80.0838309411621	1.17327645321268
2001-04-10	00:00:00	-3.18154378664016	-1.39404403474807	991.513374579942	4.90272163221233	10.5942688332572	93.8469315405273	1.15121475732531
2001-04-11	00:00:00	-4.05741187828064	-2.93130897445678	994.4425601247	4.7264310083008	17.3793996054903	96.0785200915527	0.820356897474794
2001-04-12	00:00:00	-4.05741187828064	-2.76297037958145	996.959556575	5.4659390551758	11.7453220448613	92.9078156530762	1.15121475732531
2001-04-13	00:00:00	-2.14847050006866	-1.5113384452343	1001.97956610625	5.7984546411133	3.98351671903767	87.6237691906738	1.55178965504609
2001-04-14	00:00:00	-0.231994449045661	0.807649168825148	1003.71795410625	5.7984546411133	3.98351671903767	85.392123881836	1.55874054972122
2001-04-15	00:00:00	-4.05741187828064	-1.87877089007378	1002.17298246875	0.509649428269219	5.94970560909435	76.2363717858887	1.07148887375702
2001-04-16	00:00:00	-4.05741187828064	-3.02842250076294	1004.19193884375	-1.32738061035154	0	50.9207981066894	1.0134207124197
2001-04-17	00:00:00	-1.00772446967602	-3.46803033346176	1002.24706675	1.13075310302736	0	50.9207981066894	1.55178965504609
2001-04-18	00:00:00	-0.602084617810249	-2.90821264719009	1000.55042895	3.07527804687502	0	60.9189823556518	1.72791703928299
2001-04-19	00:00:00	-0.395888378138544	-1.22958213736534	996.31202033125	4.19598032226565	0	67.2559136224365	1.81990484871409
2001-04-20	00:00:00	-0.284029453755418	-1.96913498331989	995.2796294875	2.18979301025393	10.6313367565703	88.6906059832764	1.16119181432924
2001-04-21	00:00:00	0.199761875182192	-6.70788519489288	999.4317672875	1.31230093994143	1.40694182118633	50.9207981066894	1.17719405223732
2001-04-22	00:00:00	1.20534353488922	-0.574072427839369	1002.17298246875	2.71526475097658	0	50.9207981066894	1.66383141787344
2001-04-23	00:00:00	0.824947241280077	4.47251243257522	999.4317672875	4.86456805664065	1.83405125239772	79.7017548718262	1.55874054972122
2001-04-24	00:00:00	-2.02442757547378	5.28198948844909	995.2796294875	5.93875666748049	3.02338614832051	65.7943160986328	1.72791703928299
2001-04-25	00:00:00	-1.09334033008099	3.12633266990662	996.372786314665	5.92424204833986	15.7161630277969	87.5180215228272	1.15121475732531
2001-04-26	00:00:00	-1.04973803535938	-0.918958679714204	999.4317672875	5.92424204833986	10.6313367565703	95.14766125	1.30561025680979
2001-04-27	00:00:00	-0.754297144846916	-2.2775986193943	1010.2023459	6.27523934814455	0	79.350201563069	2.80612365038072
2001-04-28	00:00:00	-0.59399379626877	0.80586418471813	1016.47491121875	7.90019143554689	0	68.0109615264893	2.80612365038072
2001-04-29	00:00:00	0.892221786937714	0.80586418471813	1007.83286820625	7.90019143554689	0	76.0450080084229	2.80612365038072
2001-04-30	00:00:00	0.730740563713603	1.21048172661781	1000.58579725	7.90019143554689	0	67.4327169073486	2.80612365038072
