2000-02-01	00:00:00	-0.202504913544656	-0.105598637400271	990.57041425	-1.64011012207029	8.20529508925416	79.6402622894287	0.228683421035894
2000-02-02	00:00:00	4.0609128540802	0.260948127083181	978.68404595	-0.183101652449786	0	78.9426530584717	0.236330126624068
2000-02-03	00:00:00	2.96562903533935	-2.7679215388298	996.9978980625	-4.46964220214842	0	73.1211002587891	0.228863996223719
2000-02-04	00:00:00	2.62486548366546	1.46883701272011	999.70343325625	-0.910278593749983	1.37160420593549	87.8517129077148	0.316800338858949
2000-02-05	00:00:00	2.81109173704147	1.94963890241652	990.57041425	3.66838929199221	0	92.4035162338598	0.372579905230945
2000-02-06	00:00:00	4.27495023099899	1.90022187070846	988.02356145625	3.27246988281252	0	83.495378694458	0.309806062314615
2000-02-07	00:00:00	1.10544200111389	1.56561155198097	995.06748640625	0.344974743652362	0	90.042139119873	0.312131468534107
2000-02-08	00:00:00	-0.0326899430131907	-0.0656578339266798	994.86133013125	-0.0566757299804482	0	91.6244269452742	0.236330126624068
2000-02-09	00:00:00	1.77379427493095	2.64697403654098	1000.801384	3.27246988281252	1.31721925013381	93.9135371911621	0.337885851622255
2000-02-10	00:00:00	4.41442444675445	0.930390499632355	1000.72713550625	2.94018853759767	0	77.6509439129639	0.367111116058476
2000-02-11	00:00:00	3.73031631561279	7.26374538524627	994.86133013125	3.7217629589844	9.74840309558808	88.3029624609375	0.3473839137322
2000-02-12	00:00:00	6.18400723532571	1.95172629730224	983.06122651875	0.549643425292989	0	57.3277460940552	0.282072496849863
2000-02-13	00:00:00	5.64913940345764	2.836733064785	978.68404595	3.07127071912059	1.31901503483709	73.844604208374	0.367111116058476
2000-02-14	00:00:00	5.64913940345764	-0.3782511424607	978.551955175	0.0834138987803709	0	59.1247854342651	0.327299568937474
2000-02-15	00:00:00	-2.34670071541786	-1.60245949412346	978.83343131875	-4.26139614013671	4.75501055533625	70.5423088348389	0.243041586494988
2000-02-16	00:00:00	-0.61569791926384	-4.91993494678497	988.8118792375	-5.44133247314451	0	48.6814692477417	0.211758735354769
2000-02-17	00:00:00	1.89142008016586	1.56561155198097	1003.03510224375	-2.31459142578123	6.322113549605	53.6986840940421	0.3473839137322
2000-02-18	00:00:00	4.32678988487244	4.72905225738525	978.551955175	3.7585198754883	8.6247844020836	83.495378694458	0.469927633851813
2000-02-19	00:00:00	3.27379312980652	-1.25994013410568	998.5907790875	-0.689429721679667	0	65.965031416626	0.409580769119908
2000-02-20	00:00:00	2.12893300954482	5.29944622989654	999.79085156875	3.34421418212893	1.20439228830735	91.002504888916	0.543723124875392
2000-02-21	00:00:00	2.96562903533935	1.95172629730224	999.70343325625	3.02198317382815	0	86.3678990124511	0.508479983404874
2000-02-22	00:00:00	1.0172093242836	4.72905225738525	998.5907790875	4.07361856445315	1.81707365795318	96.0107130426025	0.418920917394291
2000-02-23	00:00:00	1.00762489043236	6.2629942754364	985.8543502125	3.7217629589844	7.26306053693778	96.0107130426025	0.435724218889364
2000-02-24	00:00:00	1.14333508360863	1.90022187070846	985.8543502125	2.02378236328127	2.29611853039451	86.3529509741211	0.407101631514366
2000-02-25	00:00:00	3.66247845163345	-0.12492921016574	987.8452936375	-0.81782386718748	0	63.2914959127182	0.401497381788862
2000-02-26	00:00:00	2.80214042287431	-1.00721212754249	999.1392374625	-0.742239096679667	0	56.1100813690185	0.508479983404874
2000-02-27	00:00:00	2.96562903533935	0.04820842721723	1005.178226175	-0.28623557617186	0	71.8252810131836	0.631107331189295
2000-02-28	00:00:00	-1.26648051647186	0.260948127083181	1008.8413732375	-0.558885158691388	0	87.5697404467773	0.543723124875392
2000-02-29	00:00:00	-2.12786939581871	6.2629942754364	999.6382134	0.344974743652362	18.157553547889	87.8517129077148	0.373131770795309
2000-03-01	00:00:00	2.83169974781036	3.09011636985779	982.0645088	0.549643425292989	1.74247193227219	84.9604494677734	0.579114754637344
2000-03-02	00:00:00	3.66247845163345	1.44614915044784	988.78804904375	-0.0566757299804482	0	81.1956763916016	0.631107331189295
2000-03-03	00:00:00	4.87977972097613	4.20595821935653	984.43198626875	2.57091369628908	2.06835097761789	84.3920713769532	0.7805400366069
2000-03-04	00:00:00	4.70508678230285	-1.0212927529009	987.437941632943	0.549643425292989	0	61.3098219491577	0.746925237318727
2000-03-05	00:00:00	2.44452059090614	1.85889858510971	983.15189726926	1.87510193359377	5.78407452102073	84.866487444458	0.723125349389846
2000-03-06	00:00:00	2.16501464970589	-4.93096681304931	982.0645088	1.91819744873049	1.39709973376617	65.7972625177002	0.723125349389846
2000-03-07	00:00:00	1.89142008016586	-3.2881197694397	1001.52168910625	-0.199525136718729	0	59.1247854342651	0.667497262161937
2000-03-08	00:00:00	3.63294640045166	-1.60245949412346	998.98375656875	0.326144226074237	0	58.8382265493775	0.769900027495094
2000-03-09	00:00:00	0.339082754103202	-4.93096681304931	1009.20210023125	-0.179455095214825	0	61.3098219491577	0.746925237318727
2000-03-10	00:00:00	0.643961204671859	0.122928309754134	1011.24267929375	-0.179455095214825	0	73.3119031207275	0.746925237318727
2000-03-11	00:00:00	4.42961684140865	0.0755717292065909	994.86133013125	2.58566267333986	0	70.5423088348389	0.939684098512517
2000-03-12	00:00:00	3.63294640045166	0.120383222792427	995.44202195625	3.32700756103518	0	73.1396590772584	1.00482628791857
2000-03-13	00:00:00	4.70508678230285	-0.863862320814136	992.61234231875	7.51584480712893	0	70.5423088348389	1.25448570642449
2000-03-14	00:00:00	3.72111420476913	2.46474099895477	997.2315223625	8.9399274145508	0	74.5359885949707	1.27486857262129
2000-03-15	00:00:00	3.38272994489669	1.90022187070846	1000.72713550625	7.02038856933596	0	78.705289017334	1.21291733085407
2000-03-16	00:00:00	3.66925168375731	6.27820234348297	992.6617545375	5.94844281982424	0	81.1956763916016	0.821143062638057
2000-03-17	00:00:00	6.18904922180175	1.65821420900345	988.8118792375	5.54581386230471	0	58.8382265493775	0.948923043535235
2000-03-18	00:00:00	6.18904922180175	4.8934100081253	983.07113935	4.09231248118853	4.92717306089121	89.7713708581543	0.81059002417606
2000-03-19	00:00:00	4.70508678230285	-1.00721212754249	995.06748640625	3.02198317382815	0	54.5142222747803	1.15046289454372
2000-03-20	00:00:00	2.46253760585094	-2.69585459897995	1011.20507713125	0.417132998046896	0	48.6544100506592	0.947251534737004
2000-03-21	00:00:00	0.57849711119652	-1.34137890684128	1013.3638158625	0.162514726562518	0	54.374579619751	1.00346127982336
2000-03-22	00:00:00	-1.26648051647186	-1.60245949412346	1013.3638158625	-0.179455095214825	0	57.3277460940552	0.884822715904191
2000-03-23	00:00:00	2.32070905117035	0.122928309754134	1013.3638158625	0.417132998046896	0	67.6979822790527	1.2967013536597
2000-03-24	00:00:00	2.10111104588736	-1.02586284733772	1011.24267929375	2.94018853759767	0	85.1818419775391	1.40265666499827
2000-03-25	00:00:00	2.39604190637588	-1.51023218913078	1008.5749891875	2.08418647949221	0	67.295802868042	1.35552080773877
2000-03-26	00:00:00	-0.350896982358393	-0.203015672450716	999.1392374625	1.91981487438703	2.81180915323504	81.1956763916016	1.00482628791857
2000-03-27	00:00:00	-1.51606560223351	-4.3506705517355	1000.9054449375	0.832283001450581	0	65.7972625177002	1.21291733085407
2000-03-28	00:00:00	1.0172093242836	-0.386090543973448	998.5907790875	0.344974743652362	1.1375275866504	64.1425144717407	1.15046289454372
2000-03-29	00:00:00	-0.304392863216401	-2.7679215388298	998.171042937993	0.326144226074237	0	56.1100813690185	1.26099443570337
2000-03-30	00:00:00	-0.489167592692374	-0.974082601885796	1007.3868140375	0.344974743652362	0	61.3098219491577	1.28007316285391
2000-03-31	00:00:00	-1.4304287201786	0.398515695531368	996.94290085625	0.326144226074237	0	67.2535460717774	1.24928445073381
2000-04-01	00:00:00	-0.413107568944691	-4.44068018112183	985.8543502125	2.0642423754883	0	54.3893160005278	1.2967013536597
2000-04-02	00:00:00	1.00762489043236	-0.99956002453396	985.8543502125	0.883428999023459	0	56.1100813690185	1.27486857262129
2000-04-03	00:00:00	-0.350896982358393	0.0755717292065909	988.02356145625	0.748165915527364	0	67.295802868042	1.2967013536597
2000-04-04	00:00:00	-0.808926047120095	-1.09660666438114	992.6617545375	2.16816388671877	0	70.8183198101807	1.35552080773877
2000-04-05	00:00:00	-0.759730697265202	-0.974082601885796	1004.3845620125	3.25128222702077	1.81707365795318	73.1745030554199	1.45389457775954
2000-04-06	00:00:00	-0.304392863216401	0.693686288738249	1009.23741935625	3.9523344042969	0	73.1211002587891	1.90889136106611
2000-04-07	00:00:00	-0.0326899430131907	1.90022187070846	1008.5749891875	5.2176540136719	0	73.3119031207275	1.90889136106611
2000-04-08	00:00:00	0.509774927999972	3.59308206914902	999.68403954375	7.51584480712893	0	73.7153885193093	1.53676956070776
2000-04-09	00:00:00	-1.886128168807	-0.886323359594345	996.47478975625	7.02038856933596	8.6247844020836	88.2826092260742	1.4605629264259
2000-04-10	00:00:00	-0.179431359121796	-0.382400208141803	994.86133013125	7.01402368389937	9.99801012507748	91.6545584020996	1.33911170637922
2000-04-11	00:00:00	-0.808926047120095	0.962552492189407	990.29777416875	7.95800992919924	9.53261747241767	93.9135371911621	1.48134170666237
2000-04-12	00:00:00	-0.304392863216401	0.980621371407509	994.86133013125	5.2176540136719	0	79.0997790103872	1.47986407282173
2000-04-13	00:00:00	-1.26648051647186	-0.65726935236454	999.68403954375	8.32212760009768	5.14487587474312	84.9604494677734	2.13240481159865
2000-04-14	00:00:00	-3.5667993914032	-0.65726935236454	1003.03510224375	13.8050066528321	2.97300663071963	84.9604494677734	1.90889136106611
2000-04-15	00:00:00	-4.53628434421539	-0.560607185087205	1003.61123490625	13.8050066528321	1.07805754685671	69.8820391668701	1.93389505000281
2000-04-16	00:00:00	-2.84003891572952	-0.94672439810753	1004.3845620125	9.76411763765016	5.14055917341448	73.1745030554199	1.96883995253781
2000-04-17	00:00:00	-3.73945829370498	0.04820842721723	1008.5749891875	17.0264821411133	0	65.7972625177002	2.13240481159865
2000-04-18	00:00:00	-1.70023359509468	-0.12492921016574	1009.23696999684	17.0264821411133	0	72.4455009643555	3.49225661126749
2000-04-19	00:00:00	-1.2658317333889	0.091081938206255	1008.6435679625	13.8050066528321	0	70.5423088348389	3.49225661126749
2000-04-20	00:00:00	-1.70023359509468	0.980621371407509	1007.41839410625	9.71310166887413	0	69.9903577069092	3.49225661126749
2000-04-21	00:00:00	-1.4304287201786	1.65821420900345	1001.6756224375	9.84302390380862	0	67.8745645465088	3.49225661126749
2000-04-22	00:00:00	-0.29356943464279	2.64697403654098	999.68403954375	13.8050066528321	0	70.3454913330078	2.71984059932342
2000-04-23	00:00:00	-0.808926047120095	4.20595821935653	996.9978980625	13.7145227932138	3.37084869202505	70.3454913330078	1.80832995419915
2000-04-24	00:00:00	-1.523938778162	2.01428919341087	996.9978980625	9.15970849121096	4.75501055533625	80.0175591534424	1.53676956070776
2000-04-25	00:00:00	1.00762489043236	1.28977276415825	1000.72713550625	9.43548410644533	0	77.0392967559814	2.71984059932342
2000-04-26	00:00:00	2.20362358720779	1.90022187070846	1001.6756224375	9.7070742089844	0	71.8252810131836	3.49225661126749
2000-04-27	00:00:00	2.28550902173996	1.45020168191433	998.5907790875	9.84302390380862	0	72.4455009643555	1.99113621382953
2000-04-28	00:00:00	4.41442444675445	-0.491346639525053	994.86133013125	9.43548410644533	0	54.374579619751	2.40175082427221
2000-04-29	00:00:00	2.83169974781036	0.0639209977397655	995.77709776875	9.43548410644533	0	56.1100813690185	3.51069376744148
2000-04-30	00:00:00	2.39604190637588	1.26775160634994	999.70343325625	13.8050066528321	0	64.1425144717407	3.51069376744148
